
fullModel = [1.72831586	1.728076105	1.728814876	1.73151547	1.729637262	1.729063029	1.728264856	1.728949529	1.72880914	1.729599042
2.166837702	2.167286899	2.166981282	2.167743123	2.166396712	2.167550492	2.166873074	2.166761087	2.166950045	2.167271455
1.827394193	1.828182522	1.827443643	1.829132568	1.828415328	1.828477538	1.829154263	1.827838724	1.829202686	1.829190452
4.398432843	4.397647756	4.397814806	4.397156176	4.398428425	4.399153133	4.399477085	4.397258639	4.396497943	4.399608257
2.217697616	2.209490545	2.212907229	2.213575842	2.209705647	2.214934246	2.215346642	2.214758434	2.215533454	2.211941369
3.625855157	3.62263949	3.622597207	3.62279613	3.6206953	3.620695804	3.622860679	3.622826146	3.626812499	3.624048354
2.219642756	2.219430947	2.219240449	2.220524081	2.220267587	2.219262795	2.221253032	2.219508732	2.221310636	2.21920457
2.208544668	2.209507349	2.208150585	2.209283924	2.2095342	2.208298758	2.209428045	2.206602655	2.206807512	2.210396215
2.179350768	2.18126817	2.17952438	2.181625038	2.181121622	2.181507465	2.18386162	2.178969604	2.179667995	2.179136462
0.748445421	0.746689733	0.749553465	0.748936359	0.746730418	0.745994866	0.74796105	0.748074938	0.747880105	0.746254326
2.254155775	2.257542994	2.299250581	2.259263871	2.257845992	2.265367333	2.256439154	2.255915189	2.255618451	2.259567117
1.446916827	1.45010028	1.449963524	1.447205734	1.44721186	1.447728474	1.446945204	1.44974107	1.447990421	1.448185694
1.441038918	1.436034001	1.43818835	1.439699192	1.439696123	1.439858201	1.43721095	1.439095821	1.439060209	1.44075418
1.207025479	1.206851158	1.205873437	1.204509463	1.207197818	1.205626597	1.207710001	1.20674168	1.205146859	1.205307914];

fd2 = [2.626894293	2.624614092	2.626788688	2.624614092	2.625621522	2.626956578	2.62619947	2.625023876	2.626227232	2.628086422
2.894544467	2.895061013	2.89488541	2.895061013	2.894944266	2.8952058	2.894975156	2.89472795	2.895186964	2.895136898
2.88095069	2.881480172	2.880746934	2.881480172	2.880979131	2.880969719	2.880992782	2.880765777	2.881314373	2.881009257
4.455381601	4.456642035	4.456470359	4.456642035	4.456104581	4.45415381	4.455742074	4.457678526	4.453882691	4.454477322
3.237468232	3.237589824	3.237246469	3.237589824	3.237145663	3.237248546	3.23727419	3.237173798	3.237359788	3.236969789
3.896605352	3.905945874	3.907066204	3.905945874	3.901423454	3.896826396	3.897812046	3.898400159	3.902516862	3.895344055
3.070063724	3.070011714	3.070691107	3.070011714	3.07064273	3.071188144	3.0708116	3.07053309	3.071585208	3.071151143
2.894002379	2.895008163	2.897718065	2.895008163	2.895951487	2.895420176	2.896136301	2.896355731	2.896789	2.89490992
2.844895228	2.846380175	2.846465336	2.846380175	2.845852417	2.844537915	2.845340907	2.846749597	2.846440785	2.845677507
0.818035255	0.816591528	0.820706933	0.816591528	0.816752825	0.816418245	0.816855891	0.816531585	0.818157343	0.817461416
2.869259306	2.87191345	2.868210803	2.87191345	2.869683683	2.869678843	2.872095081	2.870570123	2.867496569	2.86987035
2.383658861	2.385912756	2.383202172	2.385912756	2.385579651	2.384468406	2.386988301	2.384036432	2.384811893	2.385225096
2.261757237	2.262423985	2.263179206	2.262423985	2.26381391	2.264665863	2.262513701	2.263120974	2.26462567	2.260932174
2.342791785	2.341746152	2.341990993	2.341746152	2.342610595	2.343474636	2.34236402	2.343458875	2.343331137	2.343350108];

fd3 = [2.070928315	2.072101854	2.070931033	2.071334239	2.071551177	2.072306513	2.072305469	2.073501794	2.070613015	2.072130965
2.436618943	2.43620983	2.436500976	2.436652711	2.43685444	2.43670314	2.436849693	2.436665499	2.436282644	2.436331846
2.24483607	2.24530319	2.245562908	2.24461431	2.245284114	2.245074562	2.245454587	2.244972909	2.245539471	2.245392641
4.437749764	4.435787319	4.434524804	4.44153786	4.434587046	4.437190368	4.432379547	4.434132177	4.439655896	4.434090556
2.611042882	2.610259328	2.612096182	2.611216167	2.610697344	2.611409112	2.610778086	2.611088082	2.610856978	2.611666583
3.72763077	3.726406167	3.726990897	3.702176052	3.729073855	3.712910999	3.730629082	3.730237238	3.702034695	3.715586122
2.686632664	2.686061747	2.68641914	2.685323153	2.68621362	2.685035968	2.684568369	2.684524262	2.685548569	2.685029305
2.433381415	2.434433964	2.434572931	2.436041727	2.436527106	2.434384132	2.43433662	2.433880181	2.434044716	2.435086976
2.392907861	2.392731624	2.394632582	2.392974417	2.391183084	2.391696331	2.392740609	2.393093559	2.392658382	2.393014386
0.798705723	0.800104429	0.799359401	0.800015891	0.799436795	0.80077023	0.799131688	0.800637861	0.799330614	0.80052293
2.461619154	2.459655388	2.464890704	2.460820021	2.458591281	2.460428709	2.462691726	2.458961592	2.457983989	2.461458834
1.875463024	1.874871973	1.880327519	1.873531217	1.87322704	1.87590899	1.874805748	1.87537491	1.874576852	1.875834745
1.808478348	1.808936764	1.80998609	1.807949104	1.807427296	1.807562899	1.8072661	1.809153147	1.808735369	1.808854895
1.710866641	1.710068532	1.711701969	1.70976001	1.708669947	1.712294038	1.710655173	1.709386674	1.710539654	1.709870164];

fd4 = [1.860227725	1.863363818	1.861632987	1.861512512	1.862895422	1.862486703	1.861971896	1.862146377	1.861235875	1.861717589
2.244929226	2.24505694	2.245184975	2.245345994	2.244796939	2.244651921	2.245210502	2.244771615	2.245075463	2.244901331
1.984773585	1.984624641	1.984545704	1.984686998	1.985141909	1.984436043	1.98448501	1.98473323	1.984623732	1.985112111
4.414979055	4.416612365	4.418098574	4.414063702	4.416656587	4.413586139	4.418745745	4.414459142	4.41331905	4.416960084
2.355985253	2.355630366	2.356318329	2.355283363	2.354858664	2.355761528	2.355464224	2.356332731	2.354974635	2.355777722
3.649301047	3.65369868	3.668653572	3.651928241	3.668569583	3.66634856	3.655028323	3.652683232	3.648116208	3.669562073
2.445188236	2.444529293	2.445476416	2.445145593	2.446404974	2.444248104	2.445041386	2.444709026	2.445160009	2.443711342
2.290425855	2.291644004	2.291246564	2.291682278	2.292659805	2.289947121	2.286069878	2.291838893	2.29124959	2.290265211
2.246287783	2.248919908	2.249494728	2.248751336	2.248878804	2.249401455	2.24771503	2.246801451	2.248713938	2.248023511
0.789985354	0.78855882	0.790174057	0.788581714	0.789673404	0.789072308	0.788687069	0.78950696	0.789458946	0.788474694
2.336004414	2.333249652	2.338842288	2.332634785	2.331521631	2.332694663	2.334251808	2.335649471	2.337082721	2.332791827
1.701569357	1.700818019	1.704113172	1.700356536	1.701773419	1.698853565	1.702039777	1.702575319	1.703115828	1.701111512
1.691741119	1.688889942	1.691079592	1.688868736	1.690109625	1.691818676	1.690250047	1.689659913	1.690363631	1.69038774
1.476878416	1.476956114	1.477673343	1.477581107	1.477984782	1.477238999	1.477421563	1.477375681	1.477365339	1.478140795];

